12
13
24
35
12
13
14
25
12
13
14
15
12
13
14
23
25
123
14
25
12
13
14
23
45
123
14
45
12
13
14
15
23
123
14
15
12
13
24
35
45
12
13
14
25
35
12
13
14
15
23
24
123
14
15
24
123
124
15
12
13
14
15
23
45
123
14
15
45
123
145
12
13
14
23
24
35
123
14
24
35
123
14
24
45
123
124
35
12
13
14
25
35
45
12
13
14
23
25
45
123
14
25
45
12
13
14
15
23
24
25
123
14
15
24
25
123
124
15
25
123
124
125
12
13
14
15
23
24
34
123
14
15
24
34
123
14
24
34
45
123
124
15
34
123
124
34
35
123
124
134
45
123
124
134
15
123
124
134
234
45
1234
45
12
13
14
15
23
24
35
123
14
15
24
35
123
14
15
24
45
123
145
24
123
124
15
35
123
124
135
12
13
14
23
24
35
45
123
14
24
35
45
123
124
35
45
12
13
14
15
23
24
25
34
123
14
15
24
25
34
123
14
15
24
34
45
123
14
15
24
25
45
123
145
24
25
123
124
15
25
34
123
124
15
34
35
123
124
34
35
45
123
124
15
25
35
123
124
345
123
124
125
45
123
124
135
25
123
124
134
15
45
123
124
134
25
45
123
124
125
134
123
124
134
235
123
124
134
15
234
45
123
124
125
134
234
1234
15
45
1234
125
12
13
14
15
23
24
35
45
123
14
15
24
35
45
123
145
24
35
123
124
15
35
45
123
124
135
45
123
124
135
145
12
13
14
15
23
24
25
34
35
123
14
15
24
25
34
35
123
14
15
24
25
34
45
123
145
24
25
34
123
124
15
25
34
35
123
124
15
34
35
45
123
124
15
25
35
45
123
124
15
345
123
124
125
34
45
123
124
135
25
45
123
124
135
25
34
123
124
134
15
25
45
123
124
134
25
35
45
123
124
135
245
123
124
125
134
45
123
124
134
235
45
123
124
134
15
235
123
124
135
145
25
123
124
134
15
234
25
45
123
124
125
134
135
123
124
125
134
235
123
124
134
235
245
123
124
125
134
234
45
123
124
125
134
135
234
123
124
134
235
245
345
123
124
125
134
135
234
235
1234
15
25
45
1234
125
45
1234
125
135
1234
125
135
235
1234
1235
12
13
14
15
23
24
25
34
35
45
123
14
15
24
25
34
35
45
123
145
24
25
34
35
123
124
15
25
34
35
45
123
124
15
25
345
123
124
125
34
35
45
123
124
135
25
34
45
123
124
134
15
25
35
45
123
124
125
345
123
124
135
245
34
123
124
125
134
35
45
123
124
134
15
235
45
123
124
135
145
25
34
123
124
134
15
234
25
35
45
123
124
125
134
345
123
124
135
245
345
123
124
125
134
135
45
123
124
125
134
235
45
123
124
134
15
235
245
123
124
125
134
234
35
45
123
124
125
134
234
345
123
124
125
134
135
145
123
124
125
134
135
245
123
124
125
134
235
345
123
124
125
134
135
234
45
123
124
134
15
235
245
345
123
124
125
134
135
145
234
123
124
125
134
135
234
245
123
124
125
134
135
245
345
123
124
125
134
135
234
235
45
123
124
125
134
135
145
234
235
123
124
125
134
135
234
245
345
123
124
125
134
135
145
234
235
245
123
124
125
134
135
145
234
235
245
345
1234
15
25
35
45
1234
125
35
45
1234
125
345
1234
125
135
45
1234
125
135
145
1234
125
135
245
1234
125
135
235
45
1234
125
135
145
235
1234
125
135
245
345
1234
125
135
145
235
245
1234
125
135
145
235
245
345
1234
1235
45
1234
1235
145
1234
1235
145
245
1234
1235
145
245
345
1234
1235
1245
1234
1235
1245
345
1234
1235
1245
1345
1234
1235
1245
1345
2345
12345
